0.0,0.0,1.0,0.0,1.0,0.0,-1.0,0.0,0.0,0.0,0.0,0.5,0
0.0,0.0,1.0,0.0,1.0,0.0,-1.0,0.0,0.0,8.8535430448274e-08,0.0,0.5000000032509097,0
0.0,0.0,1.0,0.0,1.0,0.0,-1.0,0.0,0.0,7.061530563027066e-07,0.0,0.5000000259290525,0
-1.691325757886282e-06,0.0,0.9999999999985697,0.0,1.0,0.0,-0.9999999999985697,0.0,-1.691325757886282e-06,2.3760881366537567e-06,0.0,0.5000000872449573,0
-3.996975989576323e-06,0.0,0.9999999999920121,0.0,1.0,0.0,-0.9999999999920121,0.0,-3.996975989576323e-06,5.615220834341369e-06,0.0,0.5000002061726128,0
-7.783013695551161e-06,0.0,0.9999999999697123,0.0,1.0,0.0,-0.9999999999697123,0.0,-7.783013695551161e-06,1.093410213345585e-05,0.0,0.5000004014438771,0
-1.340836716627147e-05,0.0,0.9999999999101078,0.0,1.0,0.0,-0.9999999999101078,0.0,-1.340836716627147e-05,1.8836979724720656e-05,0.0,0.5000006915437578,0
-2.1227495813631676e-05,0.0,0.9999999997746967,0.0,1.0,0.0,-0.9999999997746967,0.0,-2.1227495813631676e-05,2.982182399178854e-05,0.0,0.5000010947029386,0
-3.159040844801259e-05,0.0,0.999999999501023,0.0,1.0,0.0,-0.999999999501023,0.0,-3.159040844801259e-05,4.438035404995018e-05,0.0,0.5000016288888668,0
-4.484268155483777e-05,0.0,0.9999999989945669,0.0,1.0,0.0,-0.9999999989945669,0.0,-4.484268155483777e-05,6.299806384061458e-05,0.0,0.5000023117953023,0
-6.132547757036752e-05,0.0,0.999999998119593,0.0,1.0,0.0,-0.999999998119593,0.0,-6.132547757036752e-05,8.615424827844999e-05,0.0,0.5000031608304046,0
-8.137556315638856e-05,0.0,0.9999999966890089,0.0,1.0,0.0,-0.9999999966890089,0.0,-8.137556315638856e-05,0.0001143220294480359,0.0,0.5000041931034279,0
-0.00010532532747337502,0.0,0.9999999944532877,0.0,1.0,0.0,-0.9999999944532877,0.0,-0.00010532532747337502,0.0001479683828466813,0.0,0.5000054254101004,0
-0.00013350280045160834,0.0,0.9999999910885011,0.0,1.0,0.0,-0.9999999910885011,0.0,-0.00013350280045160834,0.0001875541636702206,0.0,0.5000068742167556,0
-0.00016623167105965077,0.0,0.9999999861835157,0.0,1.0,0.0,-0.9999999861835157,0.0,-0.00016623167105965077,0.0002335341331382739,0.0,0.5000085556432874,0
-0.00020383130556947084,0.0,0.9999999792263993,0.0,1.0,0.0,-0.9999999792263993,0.0,-0.00020383130556947084,0.0002863569848555464,0.0,0.5000104854449943,0
-0.00024661676581742115,0.0,0.999999969590085,0.0,1.0,0.0,-0.999999969590085,0.0,-0.00024661676581742115,0.0003464653712055974,0.0,0.5000126789933819,0
-0.00029489882746016455,0.0,0.9999999565173399,0.0,1.0,0.0,-0.9999999565173399,0.0,-0.00029489882746016455,0.0004142959297733876,0.0,0.5000151512559876,0
-0.000348983998224545,0.0,0.9999999391050827,0.0,1.0,0.0,-0.9999999391050827,0.0,-0.000348983998224545,0.0004902793097928906,0.0,0.50001791677529,0
-0.000409174536150295,0.0,0.9999999162880959,0.0,1.0,0.0,-0.9999999162880959,0.0,-0.000409174536150295,0.0005748401986158831,0.0,0.500020989646768,0
-0.0004757684678243654,0.0,0.9999998868221761,0.0,1.0,0.0,-0.9999998868221761,0.0,-0.0004757684678243654,0.0006683973481979555,0.0,0.5000243834961696,0
-0.0005490596066055649,0.0,0.9999998492667629,0.0,1.0,0.0,-0.9999998492667629,0.0,-0.0005490596066055649,0.0007713636015977802,0.0,0.5000281114560483,0
-0.0006293375708380913,0.0,0.9999998019670914,0.0,1.0,0.0,-0.9999998019670914,0.0,-0.0006293375708380913,0.0008841459194853784,0.0,0.5000321861416291,0
-0.0007168878020524374,0.0,0.9999997430359067,0.0,1.0,0.0,-0.9999997430359067,0.0,-0.0007168878020524374,0.001007145406655231,0.0,0.5000366196260587,0
-0.0008119915831520585,0.0,0.9999996703347801,0.0,1.0,0.0,-0.9999996703347801,0.0,-0.0008119915831520585,0.001140757338539931,0.0,0.5000414234150953,0
-0.0009149260565840875,0.0,0.999999581455068,0.0,1.0,0.0,-0.999999581455068,0.0,-0.0009149260565840875,0.0012853711877198692,0.0,0.5000466084212953,0
-0.0010259642424923032,0.0,0.999999473698548,0.0,1.0,0.0,-0.999999473698548,0.0,-0.0010259642424923032,0.0014413706504246063,0.0,0.5000521849377476,0
-0.0011453750568504507,0.0,0.9999993440577745,0.0,1.0,0.0,-0.9999993440577745,0.0,-0.0011453750568504507,0.0016091336730211724,0.0,0.5000581626114091,0
-0.0012734233295739529,0.0,0.9999991891961831,0.0,1.0,0.0,-0.9999991891961831,0.0,-0.0012734233295739529,0.001789032478484883,0.0,0.5000645504160901,0
-0.0014103698226079462,0.0,0.9999990054279871,0.0,1.0,0.0,-0.9999990054279871,0.0,-0.0014103698226079462,0.001981433592847714,0.0,0.5000713566251431,0
-0.0015564712479895183,0.0,0.9999987886978935,0.0,1.0,0.0,-0.9999987886978935,0.0,-0.0015564712479895183,0.002186697871619661,0.0,0.5000785887838998,0
-0.0017119802858819456,0.0,0.9999985345606767,0.0,1.0,0.0,-0.9999985345606767,0.0,-0.0017119802858819456,0.0024051805261781456,0.0,0.5000862536819037,0
-0.0018771456025786586,0.0,0.9999982381606414,0.0,1.0,0.0,-0.9999982381606414,0.0,-0.0018771456025786586,0.002637231150120609,0.0,0.5000943573249882,0
-0.002052211868474621,0.0,0.9999978942110063,0.0,1.0,0.0,-0.9999978942110063,0.0,-0.002052211868474621,0.002883193745575402,0.0,0.5001029049072392,0
-0.0022374197760027382,0.0,0.9999974969732404,0.0,1.0,0.0,-0.9999974969732404,0.0,-0.0022374197760027382,0.0031434067494659854,0.0,0.5001119007828918,0
-0.0024330060575328567,0.0,0.9999970402363819,0.0,1.0,0.0,-0.9999970402363819,0.0,-0.0024330060575328567,0.0034182030597234856,0.0,0.5001213484381988,0
-0.0026392035032309124,0.0,0.9999965172963696,0.0,1.0,0.0,-0.9999965172963696,0.0,-0.0026392035032309124,0.003707910061442622,0.0,0.500131250463315,0
-0.002856240978875681,0.0,0.9999959209354159,0.0,1.0,0.0,-0.9999959209354159,0.0,-0.002856240978875681,0.004012849652975905,0.0,0.5001416085242388,0
-0.0030843434436306385,0.0,0.9999952434014483,0.0,1.0,0.0,-0.9999952434014483,0.0,-0.0030843434436306385,0.004333338271961249,0.0,0.500152423334847,0
-0.0033237319677683445,0.0,0.999994476387648,0.0,1.0,0.0,-0.999994476387648,0.0,-0.0033237319677683445,0.004669686921277892,0.0,0.5001636946290627,0
-0.0035746237503447844,0.0,0.9999936110121121,0.0,1.0,0.0,-0.9999936110121121,0.0,-0.0035746237503447844,0.005022201194925613,0.0,0.500175421133196,0
-0.0038372321368210817,0.0,0.999992637797663,0.0,1.0,0.0,-0.999992637797663,0.0,-0.0038372321368210817,0.005391181303822431,0.0,0.5001876005384874,0
-0.00411176663663,0.0,0.9999915466518334,0.0,1.0,0.0,-0.9999915466518334,0.0,-0.00411176663663,0.005776922101515671,0.0,0.500200229473896,0
-0.00439843294068464,0.0,0.9999903268470482,0.0,1.0,0.0,-0.9999903268470482,0.0,-0.00439843294068464,0.006179713109801694,0.0,0.5002133034791603,0
-0.004697432938826765,0.0,0.9999889670010291,0.0,1.0,0.0,-0.9999889670010291,0.0,-0.004697432938826765,0.006599838544249288,0.0,0.5002268169781698,0
-0.005008964737212189,0.0,0.9999874550574429,0.0,1.0,0.0,-0.9999874550574429,0.0,-0.005008964737212189,0.007037577339622088,0.0,0.5002407632526752,0
-0.005333222675630707,0.0,0.9999857782668172,0.0,1.0,0.0,-0.9999857782668172,0.0,-0.005333222675630707,0.0074932031751952476,0.0,0.5002551344163707,0
-0.005670397344758051,0.0,0.999983923167744,0.0,1.0,0.0,-0.999983923167744,0.0,-0.005670397344758051,0.007966984499961756,0.0,0.5002699213893776,0
-0.006020675603337406,0.0,0.9999818755683921,0.0,1.0,0.0,-0.9999818755683921,0.0,-0.006020675603337406,0.008459184557723853,0.0,0.5002851138731584,0
-0.0063842405952880595,0.0,0.9999796205283493,0.0,1.0,0.0,-0.9999796205283493,0.0,-0.0063842405952880595,0.00897006141206511,0.0,0.5003007003258894,0
-0.006761271766738839,0.0,0.9999771423408118,0.0,1.0,0.0,-0.9999771423408118,0.0,-0.006761271766738839,0.009499867971198877,0.0,0.5003166679383179,0
-0.0071519448829839875,0.0,0.9999744245151426,0.0,1.0,0.0,-0.9999744245151426,0.0,-0.0071519448829839875,0.010048852012688767,0.0,0.5003330026101344,0
-0.007556432045359193,0.0,0.9999714497598138,0.0,1.0,0.0,-0.9999714497598138,0.0,-0.007556432045359193,0.010617256208037171,0.0,0.5003496889268785,0
-0.007974901708035697,0.0,0.9999681999657525,0.0,1.0,0.0,-0.9999681999657525,0.0,-0.007974901708035697,0.011205318147137832,0.0,0.5003667101374093,0
-0.008407518694730238,0.0,0.9999646561901064,0.0,1.0,0.0,-0.9999646561901064,0.0,-0.008407518694730238,0.011813270362588554,0.0,0.5003840481319596,0
-0.008854444215328886,0.0,0.9999607986404455,0.0,1.0,0.0,-0.9999607986404455,0.0,-0.008854444215328886,0.012441340353860452,0.0,0.5004016834207985,0
-0.009315835882422789,0.0,0.9999566066594149,0.0,1.0,0.0,-0.9999566066594149,0.0,-0.009315835882422789,0.013089750611320138,0.0,0.500419595113525,0
-0.009791847727753994,0.0,0.9999520587098546,0.0,1.0,0.0,-0.9999520587098546,0.0,-0.009791847727753994,0.013758718640101522,0.0,0.5004377608990105,0
-0.010282630218569573,0.0,0.9999471323604004,0.0,1.0,0.0,-0.9999471323604004,0.0,-0.010282630218569573,0.014448456983823967,0.0,0.5004561570260136,0
-0.010788330273882412,0.0,0.9999418042715794,0.0,1.0,0.0,-0.9999418042715794,0.0,-0.010788330273882412,0.015159173248153808,0.0,0.500474758284486,0
-0.011309091280637154,0.0,0.9999360501824135,0.0,1.0,0.0,-0.9999360501824135,0.0,-0.011309091280637154,0.015891070124206385,0.0,0.5004935379875846,0
-0.011845053109779752,0.0,0.999929844897544,0.0,1.0,0.0,-0.999929844897544,0.0,-0.011845053109779752,0.016644345411785832,0.0,0.5005124679544135,0
-0.012396352132229485,0.0,0.9999231622748889,0.0,1.0,0.0,-0.9999231622748889,0.0,-0.012396352132229485,0.017419192042460337,0.0,0.5005315184935075,0
-0.012963121234752127,0.0,0.9999159752138442,0.0,1.0,0.0,-0.9999159752138442,0.0,-0.012963121234752127,0.018215798102470458,0.0,0.5005506583870756,0
-0.013545489835733232,0.0,0.9999082556440416,0.0,1.0,0.0,-0.9999082556440416,0.0,-0.013545489835733232,0.019034346855468433,0.0,0.5005698548760199,0
-0.014143583900850633,0.0,0.9998999745146709,0.0,1.0,0.0,-0.9998999745146709,0.0,-0.014143583900850633,0.019875016765086764,0.0,0.5005890736457446,0
-0.014757525958645362,0.0,0.9998911017843792,0.0,1.0,0.0,-0.9998911017843792,0.0,-0.014757525958645362,0.02073798151733434,0.0,0.500608278812768,0
-0.015387435115990252,0.0,0.9998816064117547,0.0,1.0,0.0,-0.9998816064117547,0.0,-0.015387435115990252,0.021623410042818664,0.0,0.5006274329121524,0
-0.016033427073455845,0.0,0.9998714563464046,0.0,1.0,0.0,-0.9998714563464046,0.0,-0.016033427073455845,0.022531466538793156,0.0,0.5006464968857613,0
-0.01669561414057312,0.0,0.9998606185206361,0.0,1.0,0.0,-0.9998606185206361,0.0,-0.01669561414057312,0.0234623104910284,0.0,0.5006654300713607,0
-0.017374105250992852,0.0,0.9998490588417471,0.0,1.0,0.0,-0.9998490588417471,0.0,-0.017374105250992852,0.024416096695506685,0.0,0.5006841901925694,0
-0.018069005977541654,0.0,0.9998367421849347,0.0,1.0,0.0,-0.9998367421849347,0.0,-0.018069005977541654,0.02539297527993962,0.0,0.5007027333496741,0
-0.018780418547174525,0.0,0.999823632386829,0.0,1.0,0.0,-0.999823632386829,0.0,-0.018780418547174525,0.02639309172510796,0.0,0.5007210140113162,0
-0.019508441855824444,0.0,0.9998096922396571,0.0,1.0,0.0,-0.9998096922396571,0.0,-0.019508441855824444,0.02741658688602444,0.0,0.5007389850070587,0
-0.020253171483149254,0.0,0.999794883486045,0.0,1.0,0.0,-0.999794883486045,0.0,-0.020253171483149254,0.028463597012919277,0.0,0.5007565975208448,0
-0.02101469970717641,0.0,0.9997791668144607,0.0,1.0,0.0,-0.9997791668144607,0.0,-0.02101469970717641,0.02953425377204916,0.0,0.5007738010853511,0
-0.021793115518846367,0.0,0.9997625018553068,0.0,1.0,0.0,-0.9997625018553068,0.0,-0.021793115518846367,0.030628684266330416,0.0,0.5007905435772486,0
-0.022588504636455484,0.0,0.999744847177663,0.0,1.0,0.0,-0.999744847177663,0.0,-0.022588504636455484,0.03174701105579731,0.0,0.5008067712133715,0
-0.023400949519999506,0.0,0.9997261602866869,0.0,1.0,0.0,-0.9997261602866869,0.0,-0.023400949519999506,0.03288935217788687,0.0,0.5008224285478052,0
-0.024230529385418854,0.0,0.9997063976216729,0.0,1.0,0.0,-0.9997063976216729,0.0,-0.024230529385418854,0.03405582116755177,0.0,0.5008374584698946,0
-0.025077320218747135,0.0,0.9996855145547756,0.0,1.0,0.0,-0.9996855145547756,0.0,-0.025077320218747135,0.03524652707720291,0.0,0.5008518022031804,0
-0.025941394790164416,0.0,0.9996634653903986,0.0,1.0,0.0,-0.9996634653903986,0.0,-0.025941394790164416,0.03646157449648397,0.0,0.5008653993052651,0
-0.026822822667957,0.0,0.9996402033652525,0.0,1.0,0.0,-0.9996402033652525,0.0,-0.026822822667957,0.037701063571880036,0.0,0.5008781876686146,0
-0.02772167023238563,0.0,0.9996156806490817,0.0,1.0,0.0,-0.9996156806490817,0.0,-0.02772167023238563,0.0389650900261631,0.0,0.5008901035222955,0
-0.028638000689464232,0.0,0.9995898483460655,0.0,1.0,0.0,-0.9995898483460655,0.0,-0.028638000689464232,0.04025374517767707,0.0,0.5009010814346527,0
-0.029571874084651333,0.0,0.9995626564968909,0.0,1.0,0.0,-0.9995626564968909,0.0,-0.029571874084651333,0.04156711595946546,0.0,0.5009110543169295,0
-0.03052334731645661,0.0,0.9995340540815,0.0,1.0,0.0,-0.9995340540815,0.0,-0.03052334731645661,0.04290528493824514,0.0,0.5009199534278272,0
-0.0314924741499653,0.0,0.999503989022512,0.0,1.0,0.0,-0.999503989022512,0.0,-0.0314924741499653,0.0442683303332297,0.0,0.5009277083790123,0
-0.032479305230282966,0.0,0.9994724081893197,0.0,1.0,0.0,-0.9994724081893197,0.0,-0.032479305230282966,0.04565632603480633,0.0,0.5009342471415634,0
-0.03348388809590372,0.0,0.9994392574028603,0.0,1.0,0.0,-0.9994392574028603,0.0,-0.03348388809590372,0.04706934162307021,0.0,0.5009394960533642,0
-0.03450626719200495,0.0,0.99940448144106,0.0,1.0,0.0,-0.99940448144106,0.0,-0.03450626719200495,0.04850744238622107,0.0,0.5009433798274373,0
-0.03554648388367163,0.0,0.9993680240449501,0.0,1.0,0.0,-0.9993680240449501,0.0,-0.03554648388367163,0.049970689338826056,0.0,0.50094582156122,0
-0.03660457646905407,0.0,0.9993298279254559,0.0,1.0,0.0,-0.9993298279254559,0.0,-0.03660457646905407,0.05145913923995436,0.0,0.5009467427467793,0
-0.0376805801924619,0.0,0.9992898347708534,0.0,1.0,0.0,-0.9992898347708534,0.0,-0.0376805801924619,0.052972844611187966,0.0,0.5009460632819638,0
-0.03877452725739882,0.0,0.9992479852548942,0.0,1.0,0.0,-0.9992479852548942,0.0,-0.03877452725739882,0.054511853754514575,0.0,0.5009437014824897,0
-0.03988644683954159,0.0,0.9992042190455945,0.0,1.0,0.0,-0.9992042190455945,0.0,-0.03988644683954159,0.056076210770107965,0.0,0.5009395740949587,0
-0.04101636509966709,0.0,0.9991584748146867,0.0,1.0,0.0,-0.9991584748146867,0.0,-0.04101636509966709,0.05766595557400125,0.0,0.5009335963108024,0
-0.042164305196532165,0.0,0.9991106902477291,0.0,1.0,0.0,-0.9991106902477291,0.0,-0.042164305196532165,0.059281123915659865,0.0,0.50092568178115,0
-0.04333028729971008,0.0,0.9990608020548722,0.0,1.0,0.0,-0.9990608020548722,0.0,-0.04333028729971008,0.06092174739545966,0.0,0.500915742632615,0
-0.04451432860238829,0.0,0.9990087459822755,0.0,1.0,0.0,-0.9990087459822755,0.0,-0.04451432860238829,0.06258785348207718,0.0,0.5009036894839947,0
-0.04571644333413213,0.0,0.9989544568241723,0.0,1.0,0.0,-0.9989544568241723,0.0,-0.04571644333413213,0.06427946552979852,0.0,0.5008894314638787,0
-0.046936642773619114,0.0,0.9988978684355782,0.0,1.0,0.0,-0.9988978684355782,0.0,-0.046936642773619114,0.0659966027957539,0.0,0.5008728762291587,0
-0.04817493526134853,0.0,0.9988389137456374,0.0,1.0,0.0,-0.9988389137456374,0.0,-0.04817493526134853,0.06773928045708423,0.0,0.5008539299844346,0
-0.049431326212331886,0.0,0.998777524771603,0.0,1.0,0.0,-0.998777524771603,0.0,-0.049431326212331886,0.06950750962804868,0.0,0.5008324975023087,0
-0.05070581812876863,0.0,0.9987136326334453,0.0,1.0,0.0,-0.9987136326334453,0.0,-0.05070581812876863,0.07130129737707845,0.0,0.5008084821445633,0
-0.05199841061271291,0.0,0.9986471675690828,0.0,1.0,0.0,-0.9986471675690828,0.0,-0.05199841061271291,0.07312064674378649,0.0,0.5007817858842112,0
-0.05330910037873648,0.0,0.9985780589502304,0.0,1.0,0.0,-0.9985780589502304,0.0,-0.05330910037873648,0.07496555675593948,0.0,0.5007523093284132,0
-0.054637881266593365,0.0,0.9985062352988576,0.0,1.0,0.0,-0.9985062352988576,0.0,-0.054637881266593365,0.07683602244640113,0.0,0.5007199517422535,0
-0.05598474425389172,0.0,0.9984316243042517,0.0,1.0,0.0,-0.9984316243042517,0.0,-0.05598474425389172,0.07873203487005422,0.0,0.5006846110733647,0
-0.057349677468778615,0.0,0.9983541528406776,0.0,1.0,0.0,-0.9983541528406776,0.0,-0.057349677468778615,0.08065358112070993,0.0,0.5006461839773921,0
-0.05873266620264382,0.0,0.9982737469856297,0.0,1.0,0.0,-0.9982737469856297,0.0,-0.05873266620264382,0.08260064434801366,0.0,0.5006045658442897,0
-0.06013369292284766,0.0,0.9981903320386651,0.0,1.0,0.0,-0.9981903320386651,0.0,-0.06013369292284766,0.08457320377435434,0.0,0.5005596508254362,0
-0.0615527372854802,0.0,0.9981038325408157,0.0,1.0,0.0,-0.9981038325408157,0.0,-0.0615527372854802,0.08657123471178804,0.0,0.5005113318615632,0
-0.06298977614815608,0.0,0.9980141722945648,0.0,1.0,0.0,-0.9980141722945648,0.0,-0.06298977614815608,0.08859470857898252,0.0,0.5004595007114807,0
-0.06444478358285305,0.0,0.9979212743843872,0.0,1.0,0.0,-0.9979212743843872,0.0,-0.06444478358285305,0.09064359291819411,0.0,0.5004040479815952,0
-0.06591773088879858,0.0,0.9978250611978394,0.0,1.0,0.0,-0.9978250611978394,0.0,-0.06591773088879858,0.09271785141228378,0.0,0.5003448631562034,0
-0.06740858660541223,0.0,0.9977254544471944,0.0,1.0,0.0,-0.9977254544471944,0.0,-0.06740858660541223,0.09481744390178332,0.0,0.5002818346285534,0
-0.06891731652530897,0.0,0.9976223751916105,0.0,1.0,0.0,-0.9976223751916105,0.0,-0.06891731652530897,0.09694232640201986,0.0,0.5002148497326603,0
-0.07044388370737086,0.0,0.9975157438598262,0.0,1.0,0.0,-0.9975157438598262,0.0,-0.07044388370737086,0.09909245112030894,0.0,0.500143794775864,0
-0.07198824848989252,0.0,0.9974054802733728,0.0,1.0,0.0,-0.9974054802733728,0.0,-0.07198824848989252,0.10126776647322494,0.0,0.500068555072117,0
-0.0735503685038074,0.0,0.9972915036702931,0.0,1.0,0.0,-0.9972915036702931,0.0,-0.0735503685038074,0.10346821710395851,0.0,0.49998901497598897,0
-0.0751301986860015,0.0,0.9971737327293584,0.0,1.0,0.0,-0.9971737327293584,0.0,-0.0751301986860015,0.10569374389977144,0.0,0.49990505791737533,0
-0.07672769129272033,0.0,0.9970520855947742,0.0,1.0,0.0,-0.9970520855947742,0.0,-0.07672769129272033,0.10794428400955727,0.0,0.4998165664368966,0
-0.07834279591307663,0.0,0.9969264799013626,0.0,1.0,0.0,-0.9969264799013626,0.0,-0.07834279591307663,0.11021977086151864,0.0,0.49972342222197336,0
-0.07997545948266434,0.0,0.9967968328002135,0.0,1.0,0.0,-0.9967968328002135,0.0,-0.07997545948266434,0.11252013418097007,0.0,0.49962550614356493,0
-0.08162562629728648,0.0,0.9966630609847923,0.0,1.0,0.0,-0.9966630609847923,0.0,-0.08162562629728648,0.11484530000827695,0.0,0.4995226982935559,0
-0.08329323802680226,0.0,0.9965250807174952,0.0,1.0,0.0,-0.9965250807174952,0.0,-0.08329323802680226,0.11719519071693907,0.0,0.4994148780227763,0
-0.08497823372910189,0.0,0.99638280785664,0.0,1.0,0.0,-0.99638280785664,0.0,-0.08497823372910189,0.119569725031831,0.0,0.49930192397964135,0
-0.08668054986421274,0.0,0.9962361578838813,0.0,1.0,0.0,-0.9962361578838813,0.0,-0.08668054986421274,0.12196881804760527,0.0,0.4991837141493941,0
-0.08840012030854705,0.0,0.9960850459320401,0.0,1.0,0.0,-0.9960850459320401,0.0,-0.08840012030854705,0.12439238124727282,0.0,0.4990601258939369,0
-0.09013687636929424,0.0,0.9959293868133355,0.0,1.0,0.0,-0.9959293868133355,0.0,-0.09013687636929424,0.12684032252096594,0.0,0.498931035992236,0
-0.09189074679896668,0.0,0.9957690950480077,0.0,1.0,0.0,-0.9957690950480077,0.0,-0.09189074679896668,0.12931254618489677,0.0,0.4987963206812826,0
-0.09366165781010435,0.0,0.9956040848933189,0.0,1.0,0.0,-0.9956040848933189,0.0,-0.09366165781010435,0.13180895300051912,0.0,0.49865585569759485,0
-0.09544953309014516,0.0,0.9954342703729229,0.0,1.0,0.0,-0.9954342703729229,0.0,-0.09544953309014516,0.13432944019390464,0.0,0.4985095163192449,0
-0.097254293816467,0.0,0.9952595653065889,0.0,1.0,0.0,-0.9952595653065889,0.0,-0.097254293816467,0.13687390147534126,0.0,0.4983571774083924,0
-0.09907585867160823,0.0,0.9950798833402691,0.0,1.0,0.0,-0.9950798833402691,0.0,-0.09907585867160823,0.1394422270591651,0.0,0.4981987134543113,0
-0.10091414385867264,0.0,0.9948951379764961,0.0,1.0,0.0,-0.9948951379764961,0.0,-0.10091414385867264,0.14203430368383424,0.0,0.49803399861688846,0
-0.102769063116925,0.0,0.9947052426050993,0.0,1.0,0.0,-0.9947052426050993,0.0,-0.102769063116925,0.14465001463225408,0.0,0.4978629067705806,0
-0.10464052773758366,0.0,0.9945101105342268,0.0,1.0,0.0,-0.9945101105342268,0.0,-0.10464052773758366,0.14728923975236333,0.0,0.4976853115488107,0
-0.10652844657981585,0.0,0.9943096550216594,0.0,1.0,0.0,-0.9943096550216594,0.0,-0.10652844657981585,0.14995185547799011,0.0,0.49750108638878526,0
-0.1084327260869419,0.0,0.9941037893064055,0.0,1.0,0.0,-0.9941037893064055,0.0,-0.1084327260869419,0.15263773484998697,0.0,0.4973101045767167,0
-0.1103532703028547,0.0,0.9938924266405621,0.0,1.0,0.0,-0.9938924266405621,0.0,-0.1103532703028547,0.15534674753765418,0.0,0.4971122392934305,0
-0.11228998088865805,0.0,0.99367548032143,0.0,1.0,0.0,-0.99367548032143,0.0,-0.11228998088865805,0.1580787598604582,0.0,0.49690736366034194,0
-0.11424275713953362,0.0,0.9934528637238697,0.0,1.0,0.0,-0.9934528637238697,0.0,-0.11424275713953362,0.16083363481005808,0.0,0.49669535078578064,0
-0.1162114960018372,0.0,0.9932244903328828,0.0,1.0,0.0,-0.9932244903328828,0.0,-0.1162114960018372,0.1636112320726428,0.0,0.4964760738116467,0
-0.11819609209043412,0.0,0.9929902737764099,0.0,1.0,0.0,-0.9929902737764099,0.0,-0.11819609209043412,0.16641140805159355,0.0,0.4962494059603798,0
-0.1201964377062754,0.0,0.9927501278583254,0.0,1.0,0.0,-0.9927501278583254,0.0,-0.1201964377062754,0.1692340158904735,0.0,0.49601522058222064,0
-0.12221242285422332,0.0,0.9925039665916204,0.0,1.0,0.0,-0.9925039665916204,0.0,-0.12221242285422332,0.17207890549635893,0.0,0.4957733912027473,0
-0.12424393526112792,0.0,0.9922517042317582,0.0,1.0,0.0,-0.9922517042317582,0.0,-0.12424393526112792,0.17494592356351354,0.0,0.49552379157066795,0
-0.12629086039416315,0.0,0.9919932553101871,0.0,1.0,0.0,-0.9919932553101871,0.0,-0.12629086039416315,0.17783491359741949,0.0,0.49526629570584757,0
-0.12835308147942312,0.0,0.991728534667999,0.0,1.0,0.0,-0.991728534667999,0.0,-0.12835308147942312,0.1807457159391665,0.0,0.49500077794755354,0
-0.130430479520788,0.0,0.9914574574897187,0.0,1.0,0.0,-0.9914574574897187,0.0,-0.130430479520788,0.18367816779021293,0.0,0.49472711300289784,0
-0.1325229333190589,0.0,0.9911799393372085,0.0,1.0,0.0,-0.9911799393372085,0.0,-0.1325229333190589,0.18663210323751864,0.0,0.4944451759954559,0
-0.13463031949137055,0.0,0.9908958961836766,0.0,1.0,0.0,-0.9908958961836766,0.0,-0.13463031949137055,0.18960735327906292,0.0,0.4941548425140452,0
-0.13675251249088266,0.0,0.9906052444477724,0.0,1.0,0.0,-0.9906052444477724,0.0,-0.13675251249088266,0.19260374584974962,0.0,0.49385598866164027,0
-0.1388893846267559,0.0,0.9903079010277567,0.0,1.0,0.0,-0.9903079010277567,0.0,-0.1388893846267559,0.195621105847708,0.0,0.4935484911044078,0
-0.14104080608441538,0.0,0.9900037833357297,0.0,1.0,0.0,-0.9900037833357297,0.0,-0.14104080608441538,0.19865925516099422,0.0,0.4932322271208381,0
-0.14320664494610508,0.0,0.9896928093319058,0.0,1.0,0.0,-0.9896928093319058,0.0,-0.14320664494610508,0.2017180126947002,0.0,0.4929070746509563,0
-0.14538676721173777,0.0,0.9893748975589183,0.0,1.0,0.0,-0.9893748975589183,0.0,-0.14538676721173777,0.20479719439847482,0.0,0.4925729123455918,0
-0.14758103682004217,0.0,0.9890499671761389,0.0,1.0,0.0,-0.9890499671761389,0.0,-0.14758103682004217,0.2078966132944627,0.0,0.49222961961568373,0
-0.1497893156700111,0.0,0.9887179379940013,0.0,1.0,0.0,-0.9887179379940013,0.0,-0.1497893156700111,0.21101607950566545,0.0,0.4918770766816069,0
-0.15201146364265425,0.0,0.9883787305083097,0.0,1.0,0.0,-0.9883787305083097,0.0,-0.15201146364265425,0.21415540028473154,0.0,0.4915151646224932,0
-0.15424733862305628,0.0,0.9880322659345211,0.0,1.0,0.0,-0.9880322659345211,0.0,-0.15424733862305628,0.21731438004317674,0.0,0.4911437654255312,0
-0.15649679652274448,0.0,0.9876784662419844,0.0,1.0,0.0,-0.9876784662419844,0.0,-0.15649679652274448,0.22049282038104115,0.0,0.490762762035222,0
-0.15875969130236733,0.0,0.9873172541881242,0.0,1.0,0.0,-0.9873172541881242,0.0,-0.15875969130236733,0.2236905201169865,0.0,0.4903720384025721,0
-0.16103587499468597,0.0,0.9869485533525524,0.0,1.0,0.0,-0.9869485533525524,0.0,-0.16103587499468597,0.22690727531883637,0.0,0.4899714795342019,0
-0.16332519772788048,0.0,0.9865722881710943,0.0,1.0,0.0,-0.9865722881710943,0.0,-0.16332519772788048,0.23014287933456307,0.0,0.48956097154135053,0
-0.16562750774917276,0.0,0.9861883839697149,0.0,1.0,0.0,-0.9861883839697149,0.0,-0.16562750774917276,0.23339712282372474,0.0,0.4891404016887556,0
-0.1679426514487667,0.0,0.9857967669983292,0.0,1.0,0.0,-0.9857967669983292,0.0,-0.1679426514487667,0.2366697937893539,0.0,0.48870965844338804,0
-0.17027047338410725,0.0,0.9853973644644844,0.0,1.0,0.0,-0.9853973644644844,0.0,-0.17027047338410725,0.23996067761030082,0.0,0.4882686315230217,0
-0.17261081630445926,0.0,0.9849901045668977,0.0,1.0,0.0,-0.9849901045668977,0.0,-0.17261081630445926,0.2432695570740333,0.0,0.48781721194461763,0
-0.1749635211758063,0.0,0.9845749165288354,0.0,1.0,0.0,-0.9845749165288354,0.0,-0.1749635211758063,0.2465962124098946,0.0,0.4873552920725022,0
-0.17732842720607042,0.0,0.9841517306313196,0.0,1.0,0.0,-0.9841517306313196,0.0,-0.17732842720607042,0.2499404213228206,0.0,0.48688276566631844,0
-0.1797053718706517,0.0,0.9837204782461483,0.0,1.0,0.0,-0.9837204782461483,0.0,-0.1797053718706517,0.2533019590275163,0.0,0.4863995279287327,0
-0.1820941909382902,0.0,0.9832810918687136,0.0,1.0,0.0,-0.9832810918687136,0.0,-0.1820941909382902,0.25668059828309564,0.0,0.4859054755528737,0
-0.18449471849724633,0.0,0.9828335051506037,0.0,1.0,0.0,-0.9828335051506037,0.0,-0.18449471849724633,0.2600761094281792,0.0,0.4854005067694848,0
-0.18690678698180233,0.0,0.9823776529319767,0.0,1.0,0.0,-0.9823776529319767,0.0,-0.18690678698180233,0.26348826041645607,0.0,0.4848845213937714,0
-0.18933022719908146,0.0,0.9819134712736882,0.0,1.0,0.0,-0.9819134712736882,0.0,-0.18933022719908146,0.2669168168527029,0.0,0.4843574208719207,0
-0.19176486835618645,0.0,0.9814408974891634,0.0,1.0,0.0,-0.9814408974891634,0.0,-0.19176486835618645,0.2703615420292667,0.0,0.48381910832727587,0
-0.19421053808765257,0.0,0.9809598701759947,0.0,1.0,0.0,-0.9809598701759947,0.0,-0.19421053808765257,0.273822196963002,0.0,0.48326948860614427,0
-0.19666706248321736,0.0,0.9804703292472559,0.0,1.0,0.0,-0.9804703292472559,0.0,-0.19666706248321736,0.2772985404326688,0.0,0.4827084683232212,0
-0.19913426611590165,0.0,0.9799722159625146,0.0,1.0,0.0,-0.9799722159625146,0.0,-0.19913426611590165,0.2807903290167828,0.0,0.48213595590660757,0
-0.20161197207040343,0.0,0.979465472958533,0.0,1.0,0.0,-0.979465472958533,0.0,-0.20161197207040343,0.284297317131921,0.0,0.48155186164240443,0
-0.20410000197179837,0.0,0.9789500442796414,0.0,1.0,0.0,-0.9789500442796414,0.0,-0.20410000197179837,0.28781925707147593,0.0,0.48095609771886444,0
-0.2065981760145475,0.0,0.9784258754077705,0.0,1.0,0.0,-0.9784258754077705,0.0,-0.2065981760145475,0.2913558990448576,0.0,0.48034857827008,0
-0.20910631299180776,0.0,0.9778929132921315,0.0,1.0,0.0,-0.9778929132921315,0.0,-0.20910631299180776,0.2949069912171406,0.0,0.4797292194191912,0
-0.21162423032504252,0.0,0.9773511063785283,0.0,1.0,0.0,-0.9773511063785283,0.0,-0.21162423032504252,0.2984722797491503,0.0,0.4790979393210938,0
-0.21415174409392856,0.0,0.9768004046382908,0.0,1.0,0.0,-0.9768004046382908,0.0,-0.21415174409392856,0.3020515088379861,0.0,0.47845465820462835,0
-0.21668866906655615,0.0,0.9762407595968141,0.0,1.0,0.0,-0.9762407595968141,0.0,-0.21668866906655615,0.3056444207579762,0.0,0.4777992984142332,0
-0.21923481872991926,0.0,0.9756721243616933,0.0,1.0,0.0,-0.9756721243616933,0.0,-0.21923481872991926,0.3092507559020607,0.0,0.4771317844510415,0
-0.22179000532068865,0.0,0.9750944536504393,0.0,1.0,0.0,-0.9750944536504393,0.0,-0.22179000532068865,0.3128702528235944,0.0,0.47645204301340716,0
-0.22435403985626803,0.0,0.9745077038177646,0.0,1.0,0.0,-0.9745077038177646,0.0,-0.22435403985626803,0.3165026482785688,0.0,0.47576000303683846,0
-0.22692673216612513,0.0,0.9739118328824246,0.0,1.0,0.0,-0.9739118328824246,0.0,-0.22692673216612513,0.3201476772682435,0.0,0.47505559573332357,0
-0.2295078909233937,0.0,0.9733068005536053,0.0,1.0,0.0,-0.9733068005536053,0.0,-0.2295078909233937,0.32380507308218165,0.0,0.47433875463003194,0
-0.23209732367674266,0.0,0.9726925682568431,0.0,1.0,0.0,-0.9726925682568431,0.0,-0.23209732367674266,0.3274745673416849,0.0,0.47360941560737163,0
-0.23469483688250503,0.0,0.9720690991594653,0.0,1.0,0.0,-0.9720690991594653,0.0,-0.23469483688250503,0.33115589004361773,0.0,0.47286751693638723,0
-0.23730023593706295,0.0,0.9714363581955404,0.0,1.0,0.0,-0.9714363581955404,0.0,-0.23730023593706295,0.3348487696046172,0.0,0.47211299931548334,0
-0.2399133252094812,0.0,0.9707943120903262,0.0,1.0,0.0,-0.9707943120903262,0.0,-0.2399133252094812,0.33855293290567723,0.0,0.4713458059064526,0
-0.24253390807438502,0.0,0.9701429293842045,0.0,1.0,0.0,-0.9701429293842045,0.0,-0.24253390807438502,0.3422681053371035,0.0,0.47056588236979846,0
-0.24516178694507382,0.0,0.9694821804560918,0.0,1.0,0.0,-0.9694821804560918,0.0,-0.24516178694507382,0.3459940108438259,0.0,0.46977317689933085,0
-0.24779676330686679,0.0,0.9688120375463141,0.0,1.0,0.0,-0.9688120375463141,0.0,-0.24779676330686679,0.3497303719710642,0.0,0.46896764025602344,0
-0.2504386377506713,0.0,0.9681324747789365,0.0,1.0,0.0,-0.9681324747789365,0.0,-0.2504386377506713,0.35347690991033626,0.0,0.46814922580111495,0
-0.2530872100067681,0.0,0.9674434681835369,0.0,1.0,0.0,-0.9674434681835369,0.0,-0.2530872100067681,0.35723334454579747,0.0,0.46731788952844083,0
-0.25574227897880664,0.0,0.9667449957164124,0.0,1.0,0.0,-0.9667449957164124,0.0,-0.25574227897880664,0.3609993945009068,0.0,0.4664735900959796,0
-0.2584036427780029,0.0,0.9660370372812102,0.0,1.0,0.0,-0.9660370372812102,0.0,-0.2584036427780029,0.36477477718540524,0.0,0.46561628885660034,0
-0.26107109875753065,0.0,0.9653195747489718,0.0,1.0,0.0,-0.9653195747489718,0.0,-0.26107109875753065,0.3685592088425973,0.0,0.46474594988799633,0
-0.263744443547101,0.0,0.9645925919775821,0.0,1.0,0.0,-0.9645925919775821,0.0,-0.263744443547101,0.37235240459692726,0.0,0.463862540021792,0
-0.26642347308771974,0.0,0.9638560748306134,0.0,1.0,0.0,-0.9638560748306134,0.0,-0.26642347308771974,0.37615407850183646,0.0,0.46296602887180954,0
-0.2691079826666154,0.0,0.9631100111955563,0.0,1.0,0.0,-0.9631100111955563,0.0,-0.2691079826666154,0.37996394358789254,0.0,0.46205638886148226,0
-0.2717977669523297,0.0,0.9623543910014268,0.0,1.0,0.0,-0.9623543910014268,0.0,-0.2717977669523297,0.3837817119111782,0.0,0.4611335952504009,0
-0.27449262002996255,0.0,0.9615892062357432,0.0,1.0,0.0,-0.9615892062357432,0.0,-0.27449262002996255,0.38760709460193005,0.0,0.4601976261599813,0
-0.27719233543655897,0.0,0.9608144509608638,0.0,1.0,0.0,-0.9608144509608638,0.0,-0.27719233543655897,0.3914398019134098,0.0,0.45924846259824303,0
-0.2798967061966352,0.0,0.960030121329677,0.0,1.0,0.0,-0.960030121329677,0.0,-0.2798967061966352,0.39527954327100495,0.0,0.45828608848368363,0
-0.28260552485783014,0.0,0.9592362156006363,0.0,1.0,0.0,-0.9592362156006363,0.0,-0.28260552485783014,0.39912602732153724,0.0,0.4573104906682405,0
-0.2853185835266725,0.0,0.958432734152133,0.0,1.0,0.0,-0.958432734152133,0.0,-0.2853185835266725,0.4029789619827711,0.0,0.4563216589593274,0
-0.28803567390445983,0.0,0.9576196794961994,0.0,1.0,0.0,-0.9576196794961994,0.0,-0.28803567390445983,0.40683805449311083,0.0,0.45531958614093637,0
-0.2907565873232317,0.0,0.9567970562915356,0.0,1.0,0.0,-0.9567970562915356,0.0,-0.2907565873232317,0.41070301146146654,0.0,0.45430426799379453,0
-0.293481114781834,0.0,0.9559648713558527,0.0,1.0,0.0,-0.9559648713558527,0.0,-0.293481114781834,0.4145735389172833,0.0,0.4532757033145652,0
-0.2962090469820618,0.0,0.9551231336775268,0.0,1.0,0.0,-0.9551231336775268,0.0,-0.2962090469820618,0.418449342360715,0.0,0.4522338939340838,0
-0.2989401743648695,0.0,0.9542718544265577,0.0,1.0,0.0,-0.9542718544265577,0.0,-0.2989401743648695,0.4223301268129307,0.0,0.45117884473462244,0
-0.30167428714664046,0.0,0.9534110469648264,0.0,1.0,0.0,-0.9534110469648264,0.0,-0.30167428714664046,0.4262155968665381,0.0,0.45011056366617025,0
-0.304411175355504,0.0,0.9525407268556451,0.0,1.0,0.0,-0.9525407268556451,0.0,-0.304411175355504,0.4301054567361133,0.0,0.4490290617617241,0
-0.30715062886769184,0.0,0.9516609118725963,0.0,1.0,0.0,-0.9516609118725963,0.0,-0.30715062886769184,0.4339994103088189,0.0,0.44793435315158125,0
-0.30989243744391964,0.0,0.9507716220076545,0.0,1.0,0.0,-0.9507716220076545,0.0,-0.30989243744391964,0.4378971611950973,0.0,0.44682645507662644,0
-0.31263639076578553,0.0,0.9498728794785875,0.0,1.0,0.0,-0.9498728794785875,0.0,-0.31263639076578553,0.44179841277942394,0.0,0.44570538790060654,0
-0.3153822784721755,0.0,0.94896470873563,0.0,1.0,0.0,-0.94896470873563,0.0,-0.3153822784721755,0.4457028682711077,0.0,0.4445711751213854,0
-0.3181298901956634,0.0,0.9480471364674307,0.0,1.0,0.0,-0.9480471364674307,0.0,-0.3181298901956634,0.44961023075512135,0.0,0.44342384338117496,0
-0.32087901559889415,0.0,0.9471201916062632,0.0,1.0,0.0,-0.9471201916062632,0.0,-0.32087901559889415,0.45352020324294573,0.0,0.44226342247573386,0
-0.3236294444109406,0.0,0.9461839053325024,0.0,1.0,0.0,-0.9461839053325024,0.0,-0.3236294444109406,0.45743248872341624,0.0,0.44108994536253104,0
-0.32638096646362275,0.0,0.9452383110783605,0.0,1.0,0.0,-0.9452383110783605,0.0,-0.32638096646362275,0.46134679021355385,0.0,0.43990344816786775,0
-0.3291333717277777,0.0,0.9442834445308805,0.0,1.0,0.0,-0.9442834445308805,0.0,-0.3291333717277777,0.46526281080936377,0.0,0.43870397019295443,0
-0.33188645034946934,0.0,0.9433193436341848,0.0,1.0,0.0,-0.9433193436341848,0.0,-0.33188645034946934,0.4691802537365913,0.0,0.43749155391893735,0
-0.3346399926861257,0.0,0.9423460485909779,0.0,1.0,0.0,-0.9423460485909779,0.0,-0.3346399926861257,0.47309882240141055,0.0,0.4362662450108741,0
-0.3373937893425955,0.0,0.9413636018632993,0.0,1.0,0.0,-0.9413636018632993,0.0,-0.3373937893425955,0.47701822044104153,0.0,0.4350280923206506,0
-0.3401476312071084,0.0,0.9403720481725267,0.0,1.0,0.0,-0.9403720481725267,0.0,-0.3401476312071084,0.4809381517742691,0.0,0.4337771478888416,0
-0.34290130948713254,0.0,0.9393714344986278,0.0,1.0,0.0,-0.9393714344986278,0.0,-0.34290130948713254,0.48485832065185636,0.0,0.4325134669455082,0
-0.3456546157451119,0.0,0.9383618100786599,0.0,1.0,0.0,-0.9383618100786599,0.0,-0.3456546157451119,0.48877843170682844,0.0,0.4312371079099344,0
-0.3484073419340807,0.0,0.9373432264045165,0.0,1.0,0.0,-0.9373432264045165,0.0,-0.3484073419340807,0.49269819000462206,0.0,0.4299481323892981,0
-0.3511592804331319,0.0,0.9363157372199215,0.0,1.0,0.0,-0.9363157372199215,0.0,-0.3511592804331319,0.49661730109306984,0.0,0.42864660517627795,0
-0.35391022408274186,0.0,0.9352793985166697,0.0,1.0,0.0,-0.9352793985166697,0.0,-0.35391022408274186,0.5005354710522196,0.0,0.42733259424559444,0
-0.3566599662199279,0.0,0.9342342685301155,0.0,1.0,0.0,-0.9342342685301155,0.0,-0.3566599662199279,0.5044524065439596,0.0,0.42600617074948477,0
-0.35940830071323576,0.0,0.9331804077339088,0.0,1.0,0.0,-0.9331804077339088,0.0,-0.35940830071323576,0.5083678148614426,0.0,0.4246674090121134,0
-0.36215502199754024,0.0,0.9321178788339816,0.0,1.0,0.0,-0.9321178788339816,0.0,-0.36215502199754024,0.5122814039782861,0.0,0.42331638652291864,0
-0.36489992510865166,0.0,0.9310467467617835,0.0,1.0,0.0,-0.9310467467617835,0.0,-0.36489992510865166,0.5161928825975395,0.0,0.4219531839288946,0
-0.36764280571771496,0.0,0.9299670786667701,0.0,1.0,0.0,-0.9299670786667701,0.0,-0.36764280571771496,0.5201019602003962,0.0,0.420577885025813,0
-0.37038346016539075,0.0,0.9288789439081458,0.0,1.0,0.0,-0.9288789439081458,0.0,-0.37038346016539075,0.5240083470946415,0.0,0.4191905767483861,0
-0.3731216854958068,0.0,0.9277824140458625,0.0,1.0,0.0,-0.9277824140458625,0.0,-0.3731216854958068,0.5279117544628125,0.0,0.41779134915937216,0
-0.3758572794902701,0.0,0.9266775628308764,0.0,1.0,0.0,-0.9266775628308764,0.0,-0.3758572794902701,0.5318118944100624,0.0,0.41638029543762745,0
-0.37859004070072705,0.0,0.9255644661946686,0.0,1.0,0.0,-0.9255644661946686,0.0,-0.37859004070072705,0.5357084800117083,0.0,0.4149575118651089,0
-0.38131976848296334,0.0,0.9244432022380279,0.0,1.0,0.0,-0.9244432022380279,0.0,-0.38131976848296334,0.5396012253604513,0.0,0.41352309781282903,0
-0.384046263029529,0.0,0.923313851219104,0.0,1.0,0.0,-0.923313851219104,0.0,-0.384046263029529,0.5434898456132474,0.0,0.41207715572577036,0
-0.38676932540238207,0.0,0.9221764955407323,0.0,1.0,0.0,-0.9221764955407323,0.0,-0.38676932540238207,0.5473740570378222,0.0,0.41061979110676217,0
-0.3894887575652382,0.0,0.9210312197370332,0.0,1.0,0.0,-0.9210312197370332,0.0,-0.3894887575652382,0.5512535770588086,0.0,0.4091511124993232,0
-0.39220436241561524,0.0,0.9198781104592938,0.0,1.0,0.0,-0.9198781104592938,0.0,-0.39220436241561524,0.5551281243034938,0.0,0.40767123146948075,0
-0.39491594381656364,0.0,0.9187172564611339,0.0,1.0,0.0,-0.9187172564611339,0.0,-0.39491594381656364,0.558997418647161,0.0,0.40618026258656686,0
-0.3976233066280719,0.0,0.9175487485829613,0.0,1.0,0.0,-0.9175487485829613,0.0,-0.3976233066280719,0.5628611812580122,0.0,0.40467832340300086,0
-0.4003262567381405,0.0,0.9163726797357221,0.0,1.0,0.0,-0.9163726797357221,0.0,-0.4003262567381405,0.5667191346416617,0.0,0.40316553443306313,0
-0.40302460109350513,0.0,0.915189144883953,0.0,1.0,0.0,-0.915189144883953,0.0,-0.40302460109350513,0.5705710026851707,0.0,0.4016420191306711,0
-0.4057181477300114,0.0,0.9139982410281371,0.0,1.0,0.0,-0.9139982410281371,0.0,-0.4057181477300114,0.5744165107006316,0.0,0.4001079038661582,0
-0.4084067058026225,0.0,0.9128000671863746,0.0,1.0,0.0,-0.9128000671863746,0.0,-0.4084067058026225,0.5782553854682697,0.0,0.3985633179020714,0
-0.4110900856150553,0.0,0.9115947243753698,0.0,1.0,0.0,-0.9115947243753698,0.0,-0.4110900856150553,0.5820873552790585,0.0,0.3970083933679894,0
-0.4137680986490317,0.0,0.9103823155907441,0.0,1.0,0.0,-0.9103823155907441,0.0,-0.4137680986490317,0.5859121499768302,0.0,0.39544326523437406,0
-0.41644055759314247,0.0,0.9091629457866794,0.0,1.0,0.0,-0.9091629457866794,0.0,-0.41644055759314247,0.5897295009998745,0.0,0.393868071285461,0
-0.4191072763713045,0.0,0.9079367218549027,0.0,1.0,0.0,-0.9079367218549027,0.0,-0.4191072763713045,0.5935391414220028,0.0,0.39228295209120323,0
-0.421768070170816,0.0,0.906703752603013,0.0,1.0,0.0,-0.906703752603013,0.0,-0.421768070170816,0.5973408059930787,0.0,0.3906880509782713,0
-0.4244227554699891,0.0,0.9054641487321637,0.0,1.0,0.0,-0.9054641487321637,0.0,-0.4244227554699891,0.6011342311789906,0.0,0.3890835140001253,0
-0.4270711500653574,0.0,0.904218022814107,0.0,1.0,0.0,-0.904218022814107,0.0,-0.4270711500653574,0.6049191552010573,0.0,0.3874694899061678,0
-0.4297130730984523,0.0,0.9029654892676044,0.0,1.0,0.0,-0.9029654892676044,0.0,-0.4297130730984523,0.6086953180748641,0.0,0.38584613010998664,0
-0.432348345082133,0.0,0.9017066643342173,0.0,1.0,0.0,-0.9017066643342173,0.0,-0.432348345082133,0.6124624616484997,0.0,0.3842135886567007,0
-0.4349767879264723,0.0,0.9004416660534811,0.0,1.0,0.0,-0.9004416660534811,0.0,-0.4349767879264723,0.6162203296402047,0.0,0.38257202218941916,0
-0.4375982249641814,0.0,0.8991706142374748,0.0,1.0,0.0,-0.8991706142374748,0.0,-0.4375982249641814,0.6199686676754004,0.0,0.38092158991482616,0
-0.4402124809755721,0.0,0.8978936304447936,0.0,1.0,0.0,-0.8978936304447936,0.0,-0.4402124809755721,0.6237072233231015,0.0,0.3792624535679035,0
-0.44281938221304884,0.0,0.8966108379539329,0.0,1.0,0.0,-0.8966108379539329,0.0,-0.44281938221304884,0.6274357461316957,0.0,0.37759477737580205,0
